9.999999999999999167e-02
1.109090909090909127e+00
2.118181818181818166e+00
3.127272727272727870e+00
4.136363636363635798e+00
5.145454545454545503e+00
6.154545454545455208e+00
7.163636363636363136e+00
8.172727272727271952e+00
9.181818181818181657e+00
1.019090909090908958e+01
1.119999999999999929e+01
1.220909090909090899e+01
1.321818181818181870e+01
1.422727272727272840e+01
1.523636363636363455e+01
1.624545454545454604e+01
1.725454545454545396e+01
1.826363636363636900e+01
1.927272727272727337e+01
2.028181818181818130e+01
2.129090909090909278e+01
2.230000000000000071e+01
2.330909090909090864e+01
2.431818181818182012e+01
2.532727272727272805e+01
2.633636363636363598e+01
2.734545454545454390e+01
2.835454545454545539e+01
2.936363636363636331e+01
3.037272727272727835e+01
3.138181818181818272e+01
3.239090909090909065e+01
3.339999999999999858e+01
3.440909090909090651e+01
3.541818181818181444e+01
3.642727272727272947e+01
3.743636363636363740e+01
3.844545454545454533e+01
3.945454545454546036e+01
4.046363636363636118e+01
4.147272727272726911e+01
4.248181818181818414e+01
4.349090909090909207e+01
4.450000000000000000e+01
4.550909090909090793e+01
4.651818181818181586e+01
4.752727272727271668e+01
4.853636363636363882e+01
4.954545454545454675e+01
5.055454545454545467e+01
5.156363636363636260e+01
5.257272727272726343e+01
5.358181818181817846e+01
5.459090909090908639e+01
5.560000000000000142e+01
5.660909090909090935e+01
5.761818181818181017e+01
5.862727272727273231e+01
5.963636363636363313e+01
6.064545454545454106e+01
6.165454545454545610e+01
6.266363636363636402e+01
6.367272727272727195e+01
6.468181818181817277e+01
6.569090909090908781e+01
6.669999999999998863e+01
6.770909090909090366e+01
6.871818181818180449e+01
6.972727272727271952e+01
7.073636363636362034e+01
7.174545454545454959e+01
7.275454545454545041e+01
7.376363636363635123e+01
7.477272727272726627e+01
7.578181818181816709e+01
7.679090909090909634e+01
7.779999999999999716e+01
7.880909090909089798e+01
7.981818181818181301e+01
8.082727272727271384e+01
8.183636363636362887e+01
8.284545454545452969e+01
8.385454545454544473e+01
8.486363636363635976e+01
8.587272727272726058e+01
8.688181818181817562e+01
8.789090909090907644e+01
8.889999999999999147e+01
8.990909090909089230e+01
9.091818181818182154e+01
9.192727272727272236e+01
9.293636363636362319e+01
9.394545454545453822e+01
9.495454545454543904e+01
9.596363636363635408e+01
9.697272727272725490e+01
9.798181818181815572e+01
9.899090909090908497e+01
1.000000000000000000e+02
