9.999999999999999167e-02
3.002004008016032621e-01
5.004008016032064354e-01
7.006012024048097198e-01
9.008016032064128931e-01
1.101002004008016177e+00
1.301202404809619573e+00
1.501402805611222746e+00
1.701603206412825919e+00
1.901803607214429537e+00
2.102004008016032266e+00
2.302204408817635439e+00
2.502404809619239057e+00
2.702605210420842674e+00
2.902805611222445403e+00
3.103006012024048577e+00
3.303206412825651750e+00
3.503406813627254923e+00
3.703607214428858097e+00
3.903807615230461270e+00
4.104008016032063999e+00
4.304208416833667172e+00
4.504408817635271234e+00
4.704609218436873519e+00
4.904809619238477580e+00
5.105010020040080754e+00
5.305210420841683927e+00
5.505410821643287100e+00
5.705611222444891162e+00
5.905811623246492559e+00
6.106012024048096620e+00
6.306212424849700682e+00
6.506412825651302967e+00
6.706613226452907028e+00
6.906813627254509314e+00
7.107014028056112487e+00
7.307214428857715660e+00
7.507414829659319722e+00
7.707615230460922007e+00
7.907815631262525180e+00
8.108016032064128353e+00
8.308216432865732415e+00
8.508416833667334700e+00
8.708617234468938761e+00
8.908817635270541047e+00
9.109018036072145108e+00
9.309218436873749170e+00
9.509418837675351455e+00
9.709619238476955516e+00
9.909819639278557801e+00
1.011002004008016186e+01
1.031022044088176415e+01
1.051042084168336821e+01
1.071062124248497049e+01
1.091082164328657456e+01
1.111102204408817684e+01
1.131122244488978090e+01
1.151142284569138319e+01
1.171162324649298903e+01
1.191182364729458776e+01
1.211202404809619182e+01
1.231222444889779588e+01
1.251242484969939994e+01
1.271262525050100400e+01
1.291282565130260451e+01
1.311302605210421035e+01
1.331322645290581264e+01
1.351342685370741670e+01
1.371362725450902076e+01
1.391382765531062482e+01
1.411402805611222533e+01
1.431422845691382939e+01
1.451442885771543168e+01
1.471462925851703574e+01
1.491482965931863802e+01
1.511503006012024208e+01
1.531523046092184615e+01
1.551543086172344843e+01
1.571563126252505072e+01
1.591583166332665655e+01
1.611603206412826239e+01
1.631623246492986468e+01
1.651643286573146696e+01
1.671663326653306925e+01
1.691683366733467153e+01
1.711703406813627737e+01
1.731723446893787965e+01
1.751743486973948194e+01
1.771763527054108422e+01
1.791783567134269006e+01
1.811803607214429235e+01
1.831823647294589463e+01
1.851843687374749692e+01
1.871863727454910276e+01
1.891883767535070504e+01
1.911903807615230733e+01
1.931923847695391316e+01
1.951943887775551545e+01
1.971963927855711773e+01
1.991983967935872002e+01
2.012004008016032586e+01
2.032024048096192814e+01
2.052044088176353043e+01
2.072064128256513271e+01
2.092084168336674210e+01
2.112104208416834084e+01
2.132124248496994312e+01
2.152144288577154541e+01
2.172164328657315124e+01
2.192184368737475353e+01
2.212204408817635581e+01
2.232224448897795810e+01
2.252244488977956394e+01
2.272264529058116622e+01
2.292284569138276851e+01
2.312304609218437434e+01
2.332324649298597308e+01
2.352344689378757892e+01
2.372364729458918475e+01
2.392384769539078704e+01
2.412404809619238932e+01
2.432424849699399161e+01
2.452444889779559389e+01
2.472464929859719973e+01
2.492484969939880557e+01
2.512505010020040785e+01
2.532525050100200659e+01
2.552545090180360887e+01
2.572565130260521471e+01
2.592585170340682055e+01
2.612605210420842283e+01
2.632625250501002512e+01
2.652645290581162740e+01
2.672665330661322969e+01
2.692685370741483553e+01
2.712705410821644136e+01
2.732725450901804010e+01
2.752745490981964238e+01
2.772765531062124822e+01
2.792785571142285406e+01
2.812805611222445634e+01
2.832825651302605152e+01
2.852845691382766091e+01
2.872865731462926320e+01
2.892885771543086548e+01
2.912905811623247487e+01
2.932925851703407716e+01
2.952945891783567589e+01
2.972965931863727818e+01
2.992985971943888401e+01
3.013006012024048985e+01
3.033026052104208503e+01
3.053046092184369087e+01
3.073066132264529671e+01
3.093086172344689899e+01
3.113106212424850128e+01
3.133126252505010712e+01
3.153146292585170940e+01
3.173166332665331524e+01
3.193186372745491397e+01
3.213206412825651626e+01
3.233226452905812209e+01
3.253246492985972793e+01
3.273266533066132666e+01
3.293286573146293250e+01
3.313306613226453834e+01
3.333326653306613707e+01
3.353346693386774291e+01
3.373366733466934164e+01
3.393386773547094748e+01
3.413406813627255332e+01
3.433426853707415205e+01
3.453446893787576499e+01
3.473466933867735662e+01
3.493486973947896246e+01
3.513507014028056830e+01
3.533527054108216703e+01
3.553547094188377287e+01
3.573567134268537870e+01
3.593587174348698454e+01
3.613607214428858327e+01
3.633627254509018911e+01
3.653647294589178784e+01
3.673667334669339368e+01
3.693687374749499241e+01
3.713707414829659825e+01
3.733727454909821120e+01
3.753747494989980282e+01
3.773767535070140866e+01
3.793787575150301450e+01
3.813807615230461323e+01
3.833827655310621907e+01
3.853847695390782491e+01
3.873867735470943074e+01
3.893887775551102948e+01
3.913907815631262821e+01
3.933927855711423405e+01
3.953947895791583989e+01
3.973967935871743862e+01
3.993987975951904446e+01
4.014008016032065740e+01
4.034028056112224903e+01
4.054048096192385486e+01
4.074068136272545360e+01
4.094088176352705943e+01
4.114108216432866527e+01
4.134128256513026400e+01
4.154148296593187695e+01
4.174168336673347568e+01
4.194188376753507441e+01
4.214208416833668025e+01
4.234228456913828609e+01
4.254248496993988482e+01
4.274268537074149066e+01
4.294288577154309650e+01
4.314308617234469523e+01
4.334328657314630107e+01
4.354348697394789980e+01
4.374368737474950564e+01
4.394388777555111147e+01
4.414408817635271021e+01
4.434428857715432315e+01
4.454448897795591478e+01
4.474468937875752061e+01
4.494488977955912645e+01
4.514509018036072518e+01
4.534529058116233102e+01
4.554549098196393686e+01
4.574569138276554270e+01
4.594589178356714143e+01
4.614609218436874727e+01
4.634629258517034600e+01
4.654649298597195184e+01
4.674669338677355768e+01
4.694689378757515641e+01
4.714709418837676935e+01
4.734729458917836098e+01
4.754749498997997392e+01
4.774769539078157266e+01
4.794789579158317139e+01
4.814809619238478433e+01
4.834829659318638306e+01
4.854849699398798890e+01
4.874869739478958763e+01
4.894889779559118637e+01
4.914909819639279220e+01
4.934929859719439804e+01
4.954949899799599677e+01
4.974969939879760261e+01
4.994989979959921556e+01
5.015010020040081429e+01
5.035030060120241302e+01
5.055050100200400465e+01
5.075070140280562470e+01
5.095090180360722343e+01
5.115110220440881506e+01
5.135130260521042800e+01
5.155150300601204094e+01
5.175170340681363257e+01
5.195190380761523130e+01
5.215210420841685135e+01
5.235230460921844298e+01
5.255250501002004171e+01
5.275270541082165465e+01
5.295290581162325338e+01
5.315310621242485922e+01
5.335330661322645796e+01
5.355350701402806379e+01
5.375370741482966963e+01
5.395390781563126836e+01
5.415410821643288131e+01
5.435430861723447293e+01
5.455450901803607167e+01
5.475470941883768461e+01
5.495490981963928334e+01
5.515511022044089628e+01
5.535531062124249502e+01
5.555551102204410086e+01
5.575571142284569959e+01
5.595591182364731253e+01
5.615611222444890416e+01
5.635631262525051000e+01
5.655651302605210873e+01
5.675671342685371457e+01
5.695691382765532751e+01
5.715711422845692624e+01
5.735731462925852497e+01
5.755751503006013081e+01
5.775771543086173665e+01
5.795791583166333538e+01
5.815811623246494833e+01
5.835831663326653995e+01
5.855851703406815290e+01
5.875871743486974452e+01
5.895891783567134325e+01
5.915911823647296330e+01
5.935931863727455493e+01
5.955951903807615366e+01
5.975971943887776661e+01
5.995991983967936534e+01
6.016012024048097118e+01
6.036032064128256991e+01
6.056052104208417575e+01
6.076072144288578158e+01
6.096092184368738032e+01
6.116112224448899326e+01
6.136132264529059199e+01
6.156152304609218362e+01
6.176172344689379656e+01
6.196192384769540240e+01
6.216212424849700824e+01
6.236232464929860697e+01
6.256252505010021281e+01
6.276272545090180444e+01
6.296292585170341738e+01
6.316312625250501611e+01
6.336332665330662905e+01
6.356352705410822779e+01
6.376372745490982652e+01
6.396392785571143946e+01
6.416412825651302398e+01
6.436432865731462982e+01
6.456452905811624987e+01
6.476472945891784150e+01
6.496492985971944734e+01
