5.279725298042458803e+01
5.327404840486474313e+01
5.375084382930490534e+01
5.422763925374505334e+01
5.470443467818520844e+01
5.518123010262537065e+01
5.565802552706552575e+01
5.613482095150567375e+01
5.661161637594584306e+01
5.708841180038599106e+01
5.756520722482614616e+01
5.804200264926630126e+01
5.851879807370645636e+01
5.899559349814660436e+01
5.947238892258677367e+01
5.994918434702692167e+01
6.042597977146707677e+01
6.090277519590723898e+01
6.137957062034739408e+01
6.185636604478754208e+01
6.233316146922770429e+01
6.280995689366785939e+01
6.328675231810801449e+01
6.376354774254817670e+01
6.424034316698832470e+01
6.471713859142847980e+01
6.519393401586863490e+01
6.567072944030880421e+01
6.614752486474895932e+01
6.662432028918910021e+01
6.710111571362925531e+01
6.757791113806942462e+01
6.805470656250957973e+01
6.853150198694972062e+01
6.900829741138988993e+01
6.948509283583004503e+01
6.996188826027020013e+01
7.043868368471035524e+01
7.091547910915051034e+01
7.139227453359066544e+01
7.186906995803083475e+01
7.234586538247097565e+01
7.282266080691113075e+01
7.329945623135130006e+01
7.377625165579145516e+01
7.425304708023159606e+01
7.472984250467175116e+01
7.520663792911190626e+01
7.568343335355207557e+01
7.616022877799221646e+01
7.663702420243237157e+01
7.711381962687252667e+01
7.759061505131269598e+01
7.806741047575283687e+01
7.854420590019299198e+01
7.902100132463316129e+01
7.949779674907331639e+01
7.997459217351347149e+01
8.045138759795362660e+01
8.092818302239378170e+01
8.140497844683393680e+01
8.188177387127410611e+01
8.235856929571424700e+01
8.283536472015440211e+01
8.331216014459457142e+01
8.378895556903472652e+01
8.426575099347486741e+01
8.474254641791502252e+01
8.521934184235519183e+01
8.569613726679534693e+01
8.617293269123548782e+01
8.664972811567564293e+01
8.712652354011579803e+01
8.760331896455596734e+01
8.808011438899610823e+01
8.855690981343626333e+01
8.903370523787643265e+01
8.951050066231658775e+01
8.998729608675672864e+01
9.046409151119689795e+01
9.094088693563705306e+01
9.141768236007720816e+01
9.189447778451736326e+01
9.237127320895750415e+01
9.284806863339767347e+01
9.332486405783784278e+01
9.380165948227798367e+01
9.427845490671813877e+01
9.475525033115829387e+01
9.523204575559844898e+01
9.570884118003861829e+01
9.618563660447875918e+01
9.666243202891891428e+01
9.713922745335906939e+01
9.761602287779923870e+01
9.809281830223937959e+01
9.856961372667953469e+01
9.904640915111970401e+01
9.952320457555984490e+01
1.000000000000000000e+02
