3.693687374749499241e+01
3.713707414829659825e+01
3.733727454909821120e+01
3.753747494989980282e+01
3.773767535070140866e+01
3.793787575150301450e+01
3.813807615230461323e+01
3.833827655310621907e+01
3.853847695390782491e+01
3.873867735470943074e+01
3.893887775551102948e+01
3.913907815631262821e+01
3.933927855711423405e+01
3.953947895791583989e+01
3.973967935871743862e+01
3.993987975951904446e+01
4.014008016032065740e+01
4.034028056112224903e+01
4.054048096192385486e+01
4.074068136272545360e+01
4.094088176352705943e+01
4.114108216432866527e+01
4.134128256513026400e+01
4.154148296593187695e+01
4.174168336673347568e+01
4.194188376753507441e+01
4.214208416833668025e+01
4.234228456913828609e+01
4.254248496993988482e+01
4.274268537074149066e+01
4.294288577154309650e+01
4.314308617234469523e+01
4.334328657314630107e+01
4.354348697394789980e+01
4.374368737474950564e+01
4.394388777555111147e+01
4.414408817635271021e+01
4.434428857715432315e+01
4.454448897795591478e+01
4.474468937875752061e+01
4.494488977955912645e+01
4.514509018036072518e+01
4.534529058116233102e+01
4.554549098196393686e+01
4.574569138276554270e+01
4.594589178356714143e+01
4.614609218436874727e+01
4.634629258517034600e+01
4.654649298597195184e+01
4.674669338677355768e+01
4.694689378757515641e+01
4.714709418837676935e+01
4.734729458917836098e+01
4.754749498997997392e+01
4.774769539078157266e+01
4.794789579158317139e+01
4.814809619238478433e+01
4.834829659318638306e+01
4.854849699398798890e+01
4.874869739478958763e+01
4.894889779559118637e+01
4.914909819639279220e+01
4.934929859719439804e+01
4.954949899799599677e+01
4.974969939879760261e+01
4.994989979959921556e+01
5.015010020040081429e+01
5.035030060120241302e+01
5.055050100200400465e+01
5.075070140280562470e+01
5.095090180360722343e+01
5.115110220440881506e+01
5.135130260521042800e+01
5.155150300601204094e+01
5.175170340681363257e+01
5.195190380761523130e+01
5.215210420841685135e+01
5.235230460921844298e+01
5.255250501002004171e+01
5.275270541082165465e+01
5.295290581162325338e+01
5.315310621242485922e+01
5.335330661322645796e+01
5.355350701402806379e+01
5.375370741482966963e+01
5.395390781563126836e+01
5.415410821643288131e+01
5.435430861723447293e+01
5.455450901803607167e+01
5.475470941883768461e+01
5.495490981963928334e+01
5.515511022044089628e+01
5.535531062124249502e+01
5.555551102204410086e+01
5.575571142284569959e+01
5.595591182364731253e+01
5.615611222444890416e+01
5.635631262525051000e+01
5.655651302605210873e+01
5.675671342685371457e+01
5.695691382765532751e+01
5.715711422845692624e+01
5.735731462925852497e+01
5.755751503006013081e+01
5.775771543086173665e+01
5.795791583166333538e+01
5.815811623246494833e+01
5.835831663326653995e+01
5.855851703406815290e+01
5.875871743486974452e+01
5.895891783567134325e+01
5.915911823647296330e+01
5.935931863727455493e+01
5.955951903807615366e+01
5.975971943887776661e+01
5.995991983967936534e+01
6.016012024048097118e+01
6.036032064128256991e+01
6.056052104208417575e+01
6.076072144288578158e+01
6.096092184368738032e+01
6.116112224448899326e+01
6.136132264529059199e+01
6.156152304609218362e+01
6.176172344689379656e+01
6.196192384769540240e+01
6.216212424849700824e+01
6.236232464929860697e+01
6.256252505010021281e+01
6.276272545090180444e+01
6.296292585170341738e+01
6.316312625250501611e+01
6.336332665330662905e+01
6.356352705410822779e+01
6.376372745490982652e+01
6.396392785571143946e+01
6.416412825651302398e+01
6.436432865731462982e+01
6.456452905811624987e+01
6.476472945891784150e+01
6.496492985971944734e+01
6.516513026052103896e+01
6.536533066132264480e+01
6.556553106212425064e+01
6.576573146292585648e+01
6.596593186372747653e+01
6.616613226452905394e+01
6.636633266533065978e+01
6.656653306613226562e+01
6.676673346693387145e+01
6.696693386773547729e+01
6.716713426853706892e+01
6.736733466933868897e+01
6.756753507014028060e+01
6.776773547094188643e+01
6.796793587174349227e+01
6.816813627254509811e+01
6.836833667334668974e+01
6.856853707414829557e+01
6.876873747494991562e+01
6.896893787575150725e+01
6.916913827655311309e+01
6.936933867735470471e+01
6.956953907815631055e+01
6.976973947895791639e+01
6.996993987975952223e+01
7.017014028056114228e+01
7.037034068136273390e+01
7.057054108216432553e+01
7.077074148296593137e+01
7.097094188376753721e+01
7.117114228456914304e+01
7.137134268537074888e+01
7.157154308617235472e+01
7.177174348697394635e+01
7.197194388777555218e+01
7.217214428857715802e+01
7.237234468937876386e+01
7.257254509018036970e+01
7.277274549098196132e+01
7.297294589178358137e+01
7.317314629258517300e+01
7.337334669338677884e+01
7.357354709418838468e+01
7.377374749498997630e+01
7.397394789579158214e+01
7.417414829659318798e+01
7.437434869739480803e+01
7.457454909819639965e+01
7.477474949899800549e+01
7.497494989979959712e+01
7.517515030060120296e+01
7.537535070140280880e+01
7.557555110220441463e+01
7.577575150300603468e+01
7.597595190380761210e+01
7.617615230460921794e+01
7.637635270541082377e+01
7.657655310621242961e+01
7.677675350701403545e+01
7.697695390781564129e+01
7.717715430861724712e+01
7.737735470941883875e+01
7.757755511022044459e+01
7.777775551102205043e+01
7.797795591182365627e+01
7.817815631262524789e+01
7.837835671342685373e+01
7.857855711422847378e+01
7.877875751503006541e+01
7.897895791583167124e+01
7.917915831663326287e+01
7.937935871743486871e+01
7.957955911823647455e+01
7.977975951903808038e+01
7.997995991983970043e+01
8.018016032064129206e+01
8.038036072144288369e+01
8.058056112224448952e+01
8.078076152304609536e+01
8.098096192384770120e+01
8.118116232464930704e+01
8.138136272545091288e+01
8.158156312625250450e+01
8.178176352705411034e+01
8.198196392785571618e+01
8.218216432865732202e+01
8.238236472945892785e+01
8.258256513026051948e+01
8.278276553106213953e+01
8.298296593186373116e+01
8.318316633266533699e+01
8.338336673346694283e+01
8.358356713426853446e+01
8.378376753507014030e+01
8.398396793587174614e+01
8.418416833667336618e+01
8.438436873747495781e+01
8.458456913827656365e+01
8.478476953907815528e+01
8.498496993987976111e+01
8.518517034068136695e+01
8.538537074148297279e+01
8.558557114228459284e+01
8.578577154308617025e+01
8.598597194388777609e+01
8.618617234468938193e+01
8.638637274549098777e+01
8.658657314629259361e+01
8.678677354709419944e+01
8.698697394789580528e+01
8.718717434869739691e+01
8.738737474949900275e+01
8.758757515030060858e+01
8.778777555110221442e+01
8.798797595190380605e+01
8.818817635270541189e+01
8.838837675350703194e+01
8.858857715430862356e+01
8.878877755511022940e+01
8.898897795591182103e+01
8.918917835671342687e+01
8.938937875751503270e+01
8.958957915831663854e+01
8.978977955911825859e+01
8.998997995991985022e+01
9.019018036072144184e+01
9.039038076152304768e+01
9.059058116232465352e+01
9.079078156312625936e+01
9.099098196392786519e+01
9.119118236472947103e+01
9.139138276553106266e+01
9.159158316633266850e+01
9.179178356713427434e+01
9.199198396793586596e+01
9.219218436873748601e+01
9.239238476953907764e+01
9.259258517034069769e+01
9.279278557114228931e+01
9.299298597194389515e+01
9.319318637274551520e+01
9.339338677354709262e+01
9.359358717434869845e+01
9.379378757515030429e+01
9.399398797595192434e+01
9.419418837675351597e+01
9.439438877755512181e+01
9.459458917835671343e+01
9.479478957915831927e+01
9.499498997995992511e+01
9.519519038076153095e+01
9.539539078156315099e+01
9.559559118236474262e+01
9.579579158316634846e+01
9.599599198396794009e+01
9.619619238476954592e+01
9.639639278557115176e+01
9.659659318637275760e+01
9.679679358717436344e+01
9.699699398797596928e+01
9.719719438877757511e+01
9.739739478957916674e+01
9.759759519038077258e+01
9.779779559118234999e+01
9.799799599198395583e+01
9.819819639278559009e+01
9.839839679358719593e+01
9.859859719438880177e+01
9.879879759519037918e+01
9.899899799599198502e+01
9.919919839679357665e+01
9.939939879759518249e+01
9.959959919839681675e+01
9.979979959919842258e+01
1.000000000000000000e+02
