5.315310621242485922e+01
5.335330661322645796e+01
5.355350701402806379e+01
5.375370741482966963e+01
5.395390781563126836e+01
5.415410821643288131e+01
5.435430861723447293e+01
5.455450901803607167e+01
5.475470941883768461e+01
5.495490981963928334e+01
5.515511022044089628e+01
5.535531062124249502e+01
5.555551102204410086e+01
5.575571142284569959e+01
5.595591182364731253e+01
5.615611222444890416e+01
5.635631262525051000e+01
5.655651302605210873e+01
5.675671342685371457e+01
5.695691382765532751e+01
5.715711422845692624e+01
5.735731462925852497e+01
5.755751503006013081e+01
5.775771543086173665e+01
5.795791583166333538e+01
5.815811623246494833e+01
5.835831663326653995e+01
5.855851703406815290e+01
5.875871743486974452e+01
5.895891783567134325e+01
5.915911823647296330e+01
5.935931863727455493e+01
5.955951903807615366e+01
5.975971943887776661e+01
5.995991983967936534e+01
6.016012024048097118e+01
6.036032064128256991e+01
6.056052104208417575e+01
6.076072144288578158e+01
6.096092184368738032e+01
6.116112224448899326e+01
6.136132264529059199e+01
6.156152304609218362e+01
6.176172344689379656e+01
6.196192384769540240e+01
6.216212424849700824e+01
6.236232464929860697e+01
6.256252505010021281e+01
6.276272545090180444e+01
