3.087277669248253915e+03
-7.551445222863447270e+03
-1.023096543381205811e+04
1.180040800183085707e+02
-5.089960873543673188e+02
3.424676123793754414e+03
-5.652830949413359122e+03
3.904240431181513941e+03
5.179612331768214517e+01
2.334428868472185172e+02
5.969855813517415299e+02
3.068777068283150129e+02
-1.965731993526624137e+02
-1.487832421496076677e+03
4.884521481494431896e+02
5.196566839710914110e+02
-2.334114086202407634e+03
5.904650906619333455e+02
6.611977486258524550e+02
-1.223993942088867243e+03
5.441495301556444701e+02
3.606596048985608149e+02
7.258621079483569929e+02
2.290932753084618980e+02
5.968578837433005901e+02
6.106520815096182560e+02
6.342982421815831913e+02
6.561683031827492414e+02
6.830086928129471744e+02
7.148897227130375995e+02
7.525613018995065886e+02
7.988295789605879236e+02
9.308540201000635079e+02
5.851694216179889736e+02
9.896253239435001205e+02
1.018954947291406484e+03
1.048236343852697019e+03
1.077461049712316253e+03
1.106620336615907490e+03
1.135705197700284998e+03
1.164706334238709587e+03
1.193614143888851459e+03
1.222418710987578606e+03
1.251109799500326517e+03
1.279676849302885103e+03
1.308108976548837973e+03
1.336394978954249382e+03
1.364523346909641532e+03
1.392482281403142451e+03
1.420259719802006657e+03
1.447843370584397690e+03
1.475220758129075421e+03
1.502379278644601072e+03
1.529306268236228789e+03
1.555989083949702263e+03
1.582415198376490480e+03
1.608572308033242734e+03
1.634448455219010611e+03
1.660032162390241865e+03
1.685312577266347944e+03
1.710279625891187379e+03
1.734924169749926705e+03
1.759238161823379414e+03
1.783214795229735500e+03
1.806848636966832828e+03
1.830135738367414433e+03
1.853073713378608772e+03
1.875661775842814222e+03
1.897900727736784575e+03
1.919792891910879916e+03
1.941341985265223911e+03
1.962552931392501023e+03
1.983431615271733108e+03
2.003984586265565667e+03
1.568586905677894265e+03
1.596985990470000388e+03
1.625099140558113959e+03
1.652859098091401620e+03
1.680198197071657660e+03
1.707048755539886542e+03
1.733343357850709253e+03
1.759015011389232313e+03
1.783997168822432059e+03
1.808223613206000664e+03
1.831628208381957165e+03
1.854144520729121723e+03
1.875705320336086515e+03
1.896241970132177357e+03
1.915683710666731713e+03
1.933956846396548372e+03
1.950983836897035417e+03
1.966682293745664992e+03
1.980963881346134940e+03
1.993733118123976055e+03
2.004886073891444539e+03
2.014308960517881360e+03
2.021876617468946279e+03
2.027450902976148200e+03
2.030879018115852432e+03
2.031991818747798789e+03
2.030602214746496202e+03
2.026503825357792039e+03
2.019470164861447756e+03
2.009254787742460849e+03
1.995593041264332896e+03
2.436354523902402434e+03
2.433381841515293672e+03
2.427648940803906044e+03
2.418704262336406828e+03
2.405996321625649216e+03
2.388844859162178636e+03
2.366399819025869419e+03
2.337580466764864923e+03
2.300982104701995013e+03
2.254731621087179974e+03
1.560012523086795909e+03
1.494474637173036626e+03
2.026759596853123867e+03
1.902925477971015880e+03
8.600081148768995263e+02
7.382793766685429091e+02
5.674118266181583294e+02
2.132346199252544068e+02
6.469722536858852209e+02
9.566801446602881924e+02
1.193600920186155918e+03
1.395646314987450296e+03
1.576605673562464744e+03
1.743380254992858909e+03
1.900037503137747080e+03
2.049238552425699254e+03
2.192860852356844589e+03
2.332310091858329088e+03
2.468692867909783217e+03
2.602920022723400962e+03
2.735772709171392762e+03
2.867947277792959994e+03
3.000087694090566856e+03
3.132810530984379511e+03
3.266725670553210875e+03
3.402454828512520635e+03
3.540649482827094289e+03
3.682009552317165799e+03
3.827304143890379237e+03
3.977395838863546487e+03
4.133270332391001830e+03
4.296073828796189446e+03
4.467161536229546982e+03
4.648162085711258442e+03
4.841065052190478127e+03
5.048342562267174799e+03
5.273122294898646942e+03
5.519440012102774745e+03
5.792619004950352064e+03
6.099859540508516147e+03
6.451191009515718179e+03
6.861083531001502706e+03
7.351336055473310807e+03
7.956636113551800918e+03
8.736302410376225453e+03
9.802404737320328422e+03
1.140052717524686341e+04
1.422115308146285861e+04
2.161778328826752841e+04
3.989094471366180187e+03
4.152636031030453523e+03
3.512935468513252999e+03
4.306505576042756729e+03
5.525055529406387905e+03
4.620937705103363442e+03
3.292364663912215292e+03
3.683757132758328225e+03
3.850640948111706621e+03
2.613928814344284092e+03
4.195789921617248410e+02
3.848316278287966270e+03
4.203786432974527088e+03
3.752228236172806191e+03
1.517155020965313042e+03
3.383866917416956312e+03
4.302762070303922883e+03
3.563186111116203392e+03
4.306980151883114559e+03
4.350910400535563895e+03
4.423084955246316895e+03
4.468041850144431010e+03
4.505747993162747662e+03
5.309847723894482385e+01
1.013387200818689507e+03
1.416024566103045117e+03
1.715499665634892153e+03
1.960911160518027600e+03
2.171617792450652814e+03
2.357694996446406094e+03
2.525200756553733754e+03
2.678120086130123127e+03
2.819240887521797049e+03
2.950603058868517110e+03
3.073751019452216951e+03
3.189885882520807172e+03
3.299962245423527747e+03
3.404752479999751358e+03
3.504890980246514118e+03
3.600905531737332240e+03
3.693240115934744153e+03
3.782271848184164355e+03
3.868323794819517843e+03
3.951674831023208299e+03
4.032567332153151256e+03
4.111213251560492608e+03
4.187798978339048517e+03
4.262489259856627541e+03
4.335430398566478289e+03
4.406752879380574086e+03
4.476573545698283851e+03
4.544997414379708971e+03
4.612119199438873693e+03
4.678024598911973953e+03
4.742791387786218365e+03
4.806490351047145850e+03
4.869186084102401765e+03
4.930937682555364518e+03
4.991799339161392709e+03
5.051820862530349586e+03
5.111048129539034562e+03
5.169523481336074838e+03
5.227286071144912057e+03
5.284372170711853869e+03
5.340815441138730421e+03
5.396647172932724061e+03
5.451896499358944311e+03
5.506590586563735997e+03
5.560754803423293197e+03
5.614412873643907005e+03
5.667587012281334864e+03
5.720298048544973426e+03
5.772565536497745597e+03
5.824407855046825716e+03
5.875842298436803503e+03
5.926885158300589865e+03
5.977551798189439978e+03
6.027856721388678125e+03
6.077813632727071308e+03
6.127435495002403513e+03
6.176734580572197956e+03
6.225722518594591747e+03
6.274410338348759069e+03
6.322808509015859272e+03
6.370926976259184812e+03
6.418775195905139299e+03
6.466362164994176055e+03
6.513696450442309470e+03
6.560786215528562934e+03
6.607639244401650103e+03
6.654262964779341928e+03
6.700664468996858886e+03
6.746850533544907194e+03
6.792827637224421778e+03
6.838601978032833358e+03
6.884179488885777573e+03
6.929565852268340677e+03
6.974766513901359758e+03
7.019786695500423775e+03
7.064631406698193132e+03
7.109305456194367252e+03
7.153813462192087172e+03
7.198159862174209593e+03
7.242348922068563297e+03
7.286384744846902322e+03
7.330271278598697791e+03
7.374012324117350545e+03
7.417611542033405385e+03
7.461072459526545572e+03
7.504398476645518713e+03
7.547592872262939636e+03
7.590658809689719419e+03
7.633599341971928880e+03
7.676417416891304129e+03
7.719115881688737318e+03
7.761697487528897000e+03
7.804164893722582747e+03
7.846520671722307270e+03
7.888767308905370555e+03
7.930907212157769209e+03
7.972942711271247390e+03
8.014876062164910763e+03
8.056709449942137326e+03
8.098444991792606743e+03
8.140084739748747779e+03
8.181630683305148523e+03
8.223084751908969338e+03
8.264448817328848236e+03
8.305724695909253569e+03
8.346914150716807853e+03
8.388018893584705438e+03
8.429040587060902908e+03
8.469980846265381842e+03
8.510841240661597112e+03
8.551623295746627264e+03
8.592328494664563550e+03
8.632958279747153938e+03
8.673514053985629289e+03
8.713997182437298761e+03
8.754408993570319581e+03
8.794750780549909905e+03
8.835023802468920621e+03
8.875229285525671003e+03
8.915368424151716681e+03
8.955442382092001935e+03
8.995452293439848290e+03
9.035399263628953122e+03
9.075284370384519207e+03
9.115108664635545210e+03
9.154873171390068819e+03
9.194578890575223340e+03
9.234226797843735767e+03
9.273817845348441551e+03
9.313352962486362230e+03
9.352833056613710141e+03
9.392259013733202664e+03
9.431631699154899252e+03
9.470951958131869105e+03
9.510220616471693575e+03
9.549438481124985628e+03
9.588606340751952303e+03
9.627724966267858690e+03
9.666795111368506696e+03
9.705817513036379751e+03
9.744792892028501228e+03
9.783721953346639566e+03
9.822605386690691375e+03
9.861443866895961037e+03
9.900238054354940687e+03
9.938988595424329105e+03
9.977696122817851574e+03
