1.397564379022051526e+03
2.199993501342216405e+03
2.879952059642971562e+03
3.559015625194769655e+03
4.324822039990056510e+03
5.323414560523933687e+03
6.976215732327755177e+03
1.204455528884353771e+04
5.596990378244170643e+03
1.833387213820773923e+03
4.076870519407816573e+03
3.975331078597474516e+03
1.399845501237875169e+03
2.077260478547827461e+03
2.895957214194665994e+03
3.466968385029683759e+03
3.923337954064264522e+03
4.313503657497032691e+03
4.660829397060859264e+03
4.978348819877835922e+03
5.274041647041501164e+03
5.553126475572795243e+03
5.819190056172446930e+03
6.074795605787425302e+03
6.321833569040585644e+03
6.561735058752686200e+03
6.795607550672180878e+03
7.024324349601645736e+03
7.248585420052923837e+03
7.468959853441123414e+03
7.685916202964853255e+03
7.899844592632799504e+03
8.111073120763000588e+03
8.319880225526003414e+03
8.526504140833207202e+03
8.731150221401076124e+03
8.933996684341282162e+03
9.135199158251938570e+03
9.334894323247830471e+03
9.533202850206651419e+03
9.730231794191147856e+03
9.926076558667135032e+03
1.012082251921864554e+04
1.031454637489399465e+04
1.050731728000006842e+04
1.069919779764101622e+04
1.089024470754930371e+04
1.108050969405582146e+04
1.127003993487011394e+04
1.145887860731281944e+04
1.164706532548361793e+04
1.183463651935383677e+04
1.202162576479060044e+04
1.220806407193453742e+04
1.239398013807788266e+04
1.257940057015871025e+04
1.276435008114822267e+04
1.294885166392253268e+04
1.313292674564754270e+04
1.331659532524089627e+04
1.349987609609004721e+04
1.368278655588520087e+04
1.386534310515800280e+04
1.404756113589245069e+04
1.422945511138528491e+04
1.441103863837342215e+04
1.459232453231041109e+04
1.477332487655873229e+04
1.495405107616639543e+04
1.513451390681195335e+04
1.531472355942994909e+04
1.549468968096649587e+04
1.567442141166081456e+04
1.585392741920230401e+04
1.603321593007212869e+04
