1.085534399917332121e+04
1.087479307597054867e+04
1.089424215276781433e+04
1.091369122956510728e+04
1.093314030636243297e+04
1.095258938315979503e+04
1.097203845995718257e+04
1.099148753675460466e+04
1.101093661355206132e+04
1.103038569034954708e+04
1.104983476714706012e+04
1.106928384394460772e+04
1.108873292074218807e+04
1.110818199753979752e+04
1.112763107433743789e+04
1.114708015113510737e+04
1.116652922793280777e+04
1.118597830473053909e+04
1.120542738152829952e+04
1.122487645832609087e+04
1.124432553512391132e+04
1.126377461192176088e+04
1.128322368871964136e+04
1.130267276551754912e+04
1.132212184231548599e+04
1.134157091911345196e+04
1.136101999591144886e+04
1.138046907270947122e+04
1.139991814950752814e+04
1.141936722630560507e+04
1.143881630310371474e+04
1.145826537990184988e+04
1.147771445670001413e+04
1.149716353349820747e+04
1.151661261029642810e+04
1.153606168709467420e+04
1.155551076389294940e+04
1.157495984069125006e+04
1.159440891748957984e+04
1.161385799428793689e+04
1.163330707108632305e+04
1.165275614788472922e+04
1.167220522468316449e+04
1.169165430148162704e+04
1.171110337828011689e+04
1.173055245507863037e+04
1.175000153187717115e+04
1.176945060867573739e+04
1.178889968547432727e+04
1.180834876227294808e+04
1.182779783907159253e+04
1.184724691587025700e+04
1.186669599266895784e+04
1.188614506946767324e+04
1.190559414626641410e+04
1.192504322306518770e+04
1.194449229986397950e+04
1.196394137666279676e+04
1.198339045346163948e+04
1.200283953026050767e+04
1.202228860705939769e+04
1.204173768385831499e+04
1.206118676065725595e+04
1.208063583745621690e+04
1.210008491425520333e+04
1.211953399105421340e+04
1.213898306785325076e+04
1.215843214465230994e+04
1.217788122145138732e+04
1.219733029825049380e+04
1.221677937504962210e+04
1.223622845184877224e+04
1.225567752864794238e+04
1.227512660544714345e+04
1.229457568224635907e+04
1.231402475904560379e+04
1.233347383584486488e+04
1.235292291264415326e+04
1.237237198944345982e+04
1.239182106624279550e+04
1.241127014304214390e+04
1.243071921984151959e+04
1.245016829664091711e+04
1.246961737344033645e+04
1.248906645023977399e+04
1.250851552703923517e+04
1.252796460383871818e+04
1.254741368063822301e+04
1.256686275743774968e+04
1.258631183423729635e+04
1.260576091103686304e+04
1.262520998783645155e+04
1.264465906463606007e+04
1.266410814143569405e+04
1.268355721823534441e+04
1.270300629503501295e+04
1.272245537183470515e+04
1.274190444863441917e+04
1.276135352543415138e+04
1.278080260223390360e+04
1.280025167903367947e+04
1.281970075583346988e+04
1.283914983263328031e+04
1.285859890943311621e+04
1.287804798623296483e+04
1.289749706303284074e+04
1.291694613983273302e+04
1.293639521663264168e+04
1.295584429343257216e+04
1.297529337023252265e+04
1.299474244703249133e+04
1.301419152383248183e+04
1.303364060063248508e+04
1.305308967743251560e+04
1.307253875423255886e+04
1.309198783103262213e+04
1.311143690783270358e+04
1.313088598463280505e+04
1.315033506143292288e+04
1.316978413823306255e+04
1.318923321503321858e+04
1.320868229183339281e+04
1.322813136863358886e+04
1.324758044543379765e+04
1.326702952223402644e+04
1.328647859903427161e+04
1.330592767583454042e+04
1.332537675263482015e+04
1.334482582943511989e+04
1.336427490623544145e+04
1.338372398303577575e+04
1.340317305983612459e+04
1.342262213663649709e+04
1.344207121343688414e+04
1.346152029023729119e+04
1.348096936703771644e+04
1.350041844383815442e+04
1.351986752063860877e+04
1.353931659743907949e+04
1.355876567423957385e+04
1.357821475104008277e+04
1.359766382784060261e+04
1.361711290464114245e+04
1.363656198144170048e+04
1.365601105824227670e+04
1.367546013504286566e+04
1.369490921184347462e+04
1.371435828864409632e+04
1.373380736544473257e+04
1.375325644224539246e+04
1.377270551904606327e+04
1.379215459584675045e+04
1.381160367264745400e+04
1.383105274944817393e+04
1.385050182624890840e+04
1.386995090304966106e+04
1.388939997985042828e+04
1.390884905665121187e+04
1.392829813345200637e+04
1.394774721025282270e+04
1.396719628705365176e+04
1.398664536385449719e+04
1.400609444065535536e+04
1.402554351745623353e+04
1.404499259425712080e+04
1.406444167105802808e+04
1.408389074785894809e+04
1.410333982465988447e+04
1.412278890146083359e+04
1.414223797826180089e+04
1.416168705506278093e+04
1.418113613186377552e+04
1.420058520866478284e+04
1.422003428546580835e+04
1.423948336226684660e+04
1.425893243906790303e+04
1.427838151586897220e+04
1.429783059267005228e+04
1.431727966947114510e+04
1.433672874627225974e+04
1.435617782307338348e+04
1.437562689987452723e+04
1.439507597667567643e+04
1.441452505347684746e+04
1.443397413027802577e+04
1.445342320707922227e+04
1.447287228388043332e+04
1.449232136068165710e+04
1.451177043748289361e+04
1.453121951428414286e+04
1.455066859108540666e+04
1.457011766788668683e+04
1.458956674468797792e+04
1.460901582148928355e+04
1.462846489829060192e+04
1.464791397509193484e+04
1.466736305189327504e+04
1.468681212869464071e+04
1.470626120549601001e+04
1.472571028229739750e+04
1.474515935909879772e+04
1.476460843590020886e+04
1.478405751270163273e+04
1.480350658950307115e+04
1.482295566630451867e+04
1.484240474310598438e+04
1.486185381990745918e+04
1.488130289670894672e+04
1.490075197351044881e+04
1.492020105031196181e+04
1.493965012711348936e+04
1.495909920391502783e+04
1.497854828071658267e+04
1.499799735751814660e+04
1.501744643431972509e+04
1.503689551112131085e+04
1.505634458792291662e+04
1.507579366472452966e+04
1.509524274152615180e+04
1.511469181832779032e+04
1.513414089512944338e+04
1.515358997193110554e+04
1.517303904873278043e+04
1.519248812553446987e+04
1.521193720233616295e+04
1.523138627913787423e+04
1.525083535593959823e+04
1.527028443274133315e+04
1.528973350954308080e+04
1.530918258634483936e+04
1.532863166314660884e+04
1.534808073994838560e+04
1.536752981675018054e+04
1.538697889355198458e+04
1.540642797035380318e+04
1.542587704715562904e+04
1.544532612395746401e+04
1.546477520075931534e+04
1.548422427756118122e+04
1.550367335436304893e+04
1.552312243116493846e+04
1.554257150796683163e+04
1.556202058476873390e+04
1.558146966157065435e+04
1.560091873837258208e+04
1.562036781517452437e+04
1.563981689197647574e+04
1.565926596877843440e+04
1.567871504558040942e+04
1.569816412238238991e+04
1.571761319918438676e+04
1.573706227598639271e+04
1.575651135278840593e+04
1.577596042959043189e+04
1.579540950639247239e+04
1.581485858319451472e+04
1.583430765999657706e+04
1.585375673679864849e+04
1.587320581360072538e+04
1.589265489040281500e+04
1.591210396720491553e+04
1.593155304400702516e+04
1.595100212080914571e+04
1.597045119761128444e+04
1.598990027441342500e+04
1.600934935121557646e+04
1.602879842801773339e+04
1.604824750481991032e+04
1.606769658162209453e+04
1.608714565842428601e+04
1.610659473522649205e+04
1.612604381202869990e+04
1.614549288883092231e+04
1.616494196563316109e+04
1.618439104243540169e+04
1.620384011923765320e+04
1.622328919603991744e+04
1.624273827284218896e+04
1.626218734964446958e+04
1.628163642644676838e+04
1.630108550324906355e+04
1.632053458005137691e+04
1.633998365685369936e+04
1.635943273365602727e+04
1.637888181045836973e+04
1.639833088726071946e+04
1.641777996406308012e+04
1.643722904086545168e+04
1.645667811766782688e+04
1.647612719447021300e+04
1.649557627127260639e+04
1.651502534807501797e+04
1.653447442487743319e+04
1.655392350167985933e+04
1.657337257848228910e+04
1.659282165528473342e+04
1.661227073208718502e+04
1.663171980888964754e+04
1.665116888569212460e+04
1.667061796249460167e+04
1.669006703929708965e+04
1.670951611609958854e+04
1.672896519290209471e+04
1.674841426970461180e+04
1.676786334650713616e+04
1.678731242330967507e+04
1.680676150011221398e+04
1.682621057691476744e+04
1.684565965371732818e+04
1.686510873051989984e+04
1.688455780732247513e+04
1.690400688412505770e+04
1.692345596092766209e+04
1.694290503773025921e+04
1.696235411453287452e+04
1.698180319133549710e+04
1.700125226813812333e+04
1.702070134494076046e+04
1.704015042174340851e+04
1.705959949854606384e+04
1.707904857534872644e+04
1.709849765215139996e+04
1.711794672895407712e+04
1.713739580575676882e+04
1.715684488255946417e+04
1.717629395936216679e+04
1.719574303616488760e+04
1.721519211296760841e+04
1.723464118977034377e+04
1.725409026657307913e+04
1.727353934337582177e+04
1.729298842017857532e+04
1.731243749698134343e+04
1.733188657378411517e+04
1.735133565058689419e+04
1.737078472738968412e+04
1.739023380419247405e+04
1.740968288099527854e+04
1.742913195779809030e+04
1.744858103460090570e+04
1.746803011140373565e+04
1.748747918820657287e+04
1.750692826500941374e+04
1.752637734181226188e+04
1.754582641861512093e+04
1.756527549541798726e+04
1.758472457222086450e+04
1.760417364902374538e+04
1.762362272582662990e+04
1.764307180262952897e+04
1.766252087943243532e+04
1.768196995623534531e+04
1.770141903303826621e+04
1.772086810984119438e+04
1.774031718664412620e+04
1.775976626344706892e+04
1.777921534025001893e+04
1.779866441705297621e+04
1.781811349385594076e+04
1.783756257065891259e+04
1.785701164746189170e+04
1.787646072426487808e+04
1.789590980106787538e+04
1.791535887787087267e+04
1.793480795467388089e+04
1.795425703147689637e+04
1.797370610827991914e+04
1.799315518508295281e+04
1.801260426188599013e+04
1.803205333868903472e+04
1.805150241549208658e+04
1.807095149229514573e+04
1.809040056909821215e+04
1.810984964590128584e+04
1.812929872270436317e+04
1.814874779950745506e+04
1.816819687631055058e+04
1.818764595311364974e+04
1.820709502991675618e+04
1.822654410671987353e+04
1.824599318352299815e+04
1.826544226032612642e+04
1.828489133712926196e+04
1.830434041393240477e+04
1.832378949073555486e+04
1.834323856753871223e+04
1.836268764434187324e+04
1.838213672114504880e+04
1.840158579794822435e+04
1.842103487475140719e+04
1.844048395155459730e+04
1.845993302835779468e+04
1.847938210516099934e+04
1.849883118196421128e+04
1.851828025876742686e+04
1.853772933557065335e+04
1.855717841237387984e+04
1.857662748917711724e+04
1.859607656598036556e+04
1.861552564278361388e+04
1.863497471958686947e+04
1.865442379639013234e+04
1.867387287319339521e+04
1.869332194999667627e+04
1.871277102679996096e+04
1.873222010360324566e+04
1.875166918040654127e+04
1.877111825720984416e+04
1.879056733401315432e+04
1.881001641081646449e+04
1.882946548761978556e+04
1.884891456442311028e+04
1.886836364122644227e+04
1.888781271802978154e+04
1.890726179483312808e+04
1.892671087163647826e+04
1.894615994843983935e+04
1.896560902524320045e+04
1.898505810204657246e+04
1.900450717884994447e+04
1.902395625565332739e+04
1.904340533245672123e+04
1.906285440926011506e+04
1.908230348606351617e+04
1.910175256286692093e+04
1.912120163967033295e+04
1.914065071647375225e+04
1.916009979327717519e+04
1.917954887008060905e+04
1.919899794688404290e+04
1.921844702368748403e+04
1.923789610049092880e+04
1.925734517729438448e+04
1.927679425409785472e+04
1.929624333090131768e+04
1.931569240770478791e+04
1.933514148450826178e+04
1.935459056131174657e+04
1.937403963811523499e+04
1.939348871491872706e+04
1.941293779172223731e+04
1.943238686852574028e+04
1.945183594532925053e+04
1.947128502213276806e+04
1.949073409893629287e+04
1.951018317573981767e+04
1.952963225254336066e+04
1.954908132934689638e+04
1.956853040615043938e+04
1.958797948295399328e+04
1.960742855975755447e+04
1.962687763656111201e+04
1.964632671336468775e+04
1.966577579016825985e+04
1.968522486697183922e+04
1.970467394377542223e+04
1.972412302057901616e+04
1.974357209738261008e+04
1.976302117418620765e+04
1.978247025098981976e+04
1.980191932779342824e+04
1.982136840459704763e+04
1.984081748140067430e+04
1.986026655820429733e+04
1.987971563500793127e+04
1.989916471181156885e+04
1.991861378861522098e+04
1.993806286541886584e+04
1.995751194222252161e+04
1.997696101902617738e+04
1.999641009582984407e+04
2.001585917263351803e+04
2.003530824943718835e+04
2.005475732624087323e+04
2.007420640304456538e+04
2.009365547984825389e+04
2.011310455665195332e+04
2.013255363345564911e+04
2.015200271025935945e+04
2.017145178706307343e+04
2.019090086386678377e+04
2.021034994067050866e+04
2.022979901747424083e+04
2.024924809427797300e+04
2.026869717108170516e+04
2.028814624788544461e+04
2.030759532468919861e+04
2.032704440149295624e+04
2.034649347829671024e+04
2.036594255510047151e+04
2.038539163190423642e+04
2.040484070870801588e+04
2.042428978551178807e+04
2.044373886231557481e+04
2.046318793911935427e+04
2.048263701592315192e+04
2.050208609272695321e+04
2.052153516953074723e+04
2.054098424633455943e+04
2.056043332313837163e+04
