1.797134926188591209e+01
1.993321258064697474e+02
3.807609065542607709e+02
5.623208401423080431e+02
7.440775191162214242e+02
9.261002670139482689e+02
1.108463576719025014e+03
1.291248765317741118e+03
1.474545926669773507e+03
1.658456285981881820e+03
1.843095093691948932e+03
2.028595243249609666e+03
2.215111865570917871e+03
2.402828252414731196e+03
2.591963608108696917e+03
2.782783350496188632e+03
2.975613021543509603e+03
3.170857399979151523e+03
3.369027261753771654e+03
3.570777640485409847e+03
3.776963828705638662e+03
3.988725559062917000e+03
4.207617478621097689e+03
4.435818706448829289e+03
4.676483864681751584e+03
4.934361554149768381e+03
5.216953660027457772e+03
5.536864662024794598e+03
5.917071996875741206e+03
6.404515740290357826e+03
7.113135123176002708e+03
8.416671743581240662e+03
1.292822400905799077e+04
5.540115844605958046e+03
5.794432492450823702e+03
2.295203467957298017e+03
3.879921789021871518e+03
4.633355585396396236e+03
5.135836297619109246e+03
5.522721714358566715e+03
5.845996122419038329e+03
6.130333861505995628e+03
6.389044038079433449e+03
6.629964851759920748e+03
6.858021881058238250e+03
7.076469625893900229e+03
7.287546412457571932e+03
7.492843092445315961e+03
7.693521803562828609e+03
7.890451519289791577e+03
8.084295160719530941e+03
8.275567352361542362e+03
8.464673761504531285e+03
8.651938532864476656e+03
8.837623823223108047e+03
9.021943970573765910e+03
9.205075943079189528e+03
9.387167160379891357e+03
9.568341427651233971e+03
9.748703493477258235e+03
9.928342590251852016e+03
1.010733521274564737e+04
1.028574731958293341e+04
1.046363609286471183e+04
1.064105135611335754e+04
1.081803672556220772e+04
1.099463055155225084e+04
1.117086669339116088e+04
1.134677516108467535e+04
1.152238264990060270e+04
1.169771298809474320e+04
1.187278751383531198e+04
1.204762539406332689e+04
1.222224389547221108e+04
1.239665861579767625e+04
1.257088368204501603e+04
1.274493192104521950e+04
1.291881500674884046e+04
1.309254358788124046e+04
1.326612739895139566e+04
1.343957535709614967e+04
1.361289564682765194e+04
1.378609579441334427e+04
1.395918273334093465e+04
1.413216286209258578e+04
1.430504209526396517e+04
1.447782590890735810e+04
1.465051938084752146e+04
1.482312722661008411e+04
1.499565383151083370e+04
1.516810327937705370e+04
1.534047937830721457e+04
1.551278568382012782e+04
1.568502551969785236e+04
1.585720199678668723e+04
1.602931802998652347e+04
1.620137635362958463e+04
1.637337953542437390e+04
1.654532998911912728e+04
1.671722998602030930e+04
