1.560012523086795909e+03
1.494474637173036626e+03
2.026759596853123867e+03
1.902925477971015880e+03
8.600081148768995263e+02
7.382793766685429091e+02
5.674118266181583294e+02
2.132346199252544068e+02
6.469722536858852209e+02
9.566801446602881924e+02
1.193600920186155918e+03
1.395646314987450296e+03
1.576605673562464744e+03
1.743380254992858909e+03
1.900037503137747080e+03
2.049238552425699254e+03
2.192860852356844589e+03
2.332310091858329088e+03
2.468692867909783217e+03
2.602920022723400962e+03
2.735772709171392762e+03
2.867947277792959994e+03
3.000087694090566856e+03
3.132810530984379511e+03
3.266725670553210875e+03
3.402454828512520635e+03
3.540649482827094289e+03
3.682009552317165799e+03
3.827304143890379237e+03
3.977395838863546487e+03
4.133270332391001830e+03
4.296073828796189446e+03
4.467161536229546982e+03
4.648162085711258442e+03
4.841065052190478127e+03
5.048342562267174799e+03
5.273122294898646942e+03
5.519440012102774745e+03
5.792619004950352064e+03
6.099859540508516147e+03
6.451191009515718179e+03
6.861083531001502706e+03
7.351336055473310807e+03
7.956636113551800918e+03
8.736302410376225453e+03
9.802404737320328422e+03
1.140052717524686341e+04
1.422115308146285861e+04
2.161778328826752841e+04
3.989094471366180187e+03
4.152636031030453523e+03
3.512935468513252999e+03
4.306505576042756729e+03
5.525055529406387905e+03
