-1.694065894508600678e-21
0.000000000000000000e+00
0.000000000000000000e+00
1.084202172485504434e-19
-2.168404344971008868e-19
0.000000000000000000e+00
0.000000000000000000e+00
0.000000000000000000e+00
0.000000000000000000e+00
0.000000000000000000e+00
0.000000000000000000e+00
0.000000000000000000e+00
0.000000000000000000e+00
0.000000000000000000e+00
0.000000000000000000e+00
0.000000000000000000e+00
0.000000000000000000e+00
0.000000000000000000e+00
0.000000000000000000e+00
0.000000000000000000e+00
-3.469446951953614189e-18
0.000000000000000000e+00
0.000000000000000000e+00
3.469446951953614189e-18
0.000000000000000000e+00
0.000000000000000000e+00
0.000000000000000000e+00
-6.938893903907228378e-18
0.000000000000000000e+00
0.000000000000000000e+00
0.000000000000000000e+00
6.938893903907228378e-18
0.000000000000000000e+00
0.000000000000000000e+00
-1.387778780781445676e-17
0.000000000000000000e+00
0.000000000000000000e+00
0.000000000000000000e+00
0.000000000000000000e+00
0.000000000000000000e+00
0.000000000000000000e+00
0.000000000000000000e+00
0.000000000000000000e+00
-1.387778780781445676e-17
0.000000000000000000e+00
1.387778780781445676e-17
0.000000000000000000e+00
0.000000000000000000e+00
-2.775557561562891351e-17
0.000000000000000000e+00
0.000000000000000000e+00
0.000000000000000000e+00
-2.775557561562891351e-17
0.000000000000000000e+00
0.000000000000000000e+00
0.000000000000000000e+00
0.000000000000000000e+00
0.000000000000000000e+00
-2.775557561562891351e-17
2.775557561562891351e-17
2.775557561562891351e-17
0.000000000000000000e+00
0.000000000000000000e+00
0.000000000000000000e+00
0.000000000000000000e+00
0.000000000000000000e+00
0.000000000000000000e+00
0.000000000000000000e+00
0.000000000000000000e+00
0.000000000000000000e+00
0.000000000000000000e+00
0.000000000000000000e+00
0.000000000000000000e+00
0.000000000000000000e+00
0.000000000000000000e+00
-5.551115123125782702e-17
-5.551115123125782702e-17
-5.551115123125782702e-17
0.000000000000000000e+00
-2.220446049250313081e-16
1.110223024625156540e-16
0.000000000000000000e+00
0.000000000000000000e+00
1.110223024625156540e-16
0.000000000000000000e+00
0.000000000000000000e+00
0.000000000000000000e+00
-1.110223024625156540e-16
-1.110223024625156540e-16
0.000000000000000000e+00
0.000000000000000000e+00
0.000000000000000000e+00
1.110223024625156540e-16
0.000000000000000000e+00
0.000000000000000000e+00
1.110223024625156540e-16
0.000000000000000000e+00
0.000000000000000000e+00
0.000000000000000000e+00
0.000000000000000000e+00
0.000000000000000000e+00
0.000000000000000000e+00
0.000000000000000000e+00
0.000000000000000000e+00
2.220446049250313081e-16
-2.220446049250313081e-16
0.000000000000000000e+00
4.440892098500626162e-16
0.000000000000000000e+00
0.000000000000000000e+00
0.000000000000000000e+00
2.220446049250313081e-16
2.220446049250313081e-16
0.000000000000000000e+00
-4.440892098500626162e-16
0.000000000000000000e+00
0.000000000000000000e+00
0.000000000000000000e+00
0.000000000000000000e+00
-4.440892098500626162e-16
0.000000000000000000e+00
0.000000000000000000e+00
0.000000000000000000e+00
0.000000000000000000e+00
0.000000000000000000e+00
0.000000000000000000e+00
4.440892098500626162e-16
0.000000000000000000e+00
0.000000000000000000e+00
0.000000000000000000e+00
0.000000000000000000e+00
0.000000000000000000e+00
0.000000000000000000e+00
0.000000000000000000e+00
0.000000000000000000e+00
8.881784197001252323e-16
8.881784197001252323e-16
0.000000000000000000e+00
8.881784197001252323e-16
-8.881784197001252323e-16
8.881784197001252323e-16
0.000000000000000000e+00
8.881784197001252323e-16
0.000000000000000000e+00
-8.881784197001252323e-16
0.000000000000000000e+00
-1.776356839400250465e-15
1.776356839400250465e-15
0.000000000000000000e+00
-1.776356839400250465e-15
3.552713678800500929e-15
-3.552713678800500929e-15
-3.552713678800500929e-15
-1.776356839400250465e-15
1.799461015725999914e+03
1.681436173731397275e+03
-5.329070518200751394e-15
-3.552713678800500929e-15
1.956274103007201347e+03
-3.552713678800500929e-15
-1.421085471520200372e-14
-1.776356839400250465e-14
-2.486899575160350651e-14
-1.421085471520200372e-14
